TABULAPRIMA

Qa inveniri potest codex quicunque in ipsa bibliotheca vel in catalogo
precedenti ex numero ipfius in veteri catalogo.

·ue u uc'uluc u 1ο u uc u ue u

A1u υμφ effu m5ffl M=n Nuu0
2167 11111 8427 275 24338

3 187 7 181 9 432 lt ι 179 3 90 15 410
4 175 8 511 ev 474 2 ²⁶5 4 86 16 411

g 276
711

8 264.

9 190
ιο 191
11 195
11 197

Β 1 19
1 96
3 9¹
48
6

19Ζ
891

9 16
ιο 56

l) ι 59
1 148
1 148
4 ¹5¹

9 314
10 18
ιι 318

E 1 85

2 49
1 48
4 11
3 ¹49
6 767
7 2⁶7
8 194
9 ¹92
10 180
11 158

¹² 53
F ι 15

9 ¹7¹
ιο 151

<31 390

1 589
5 406
4 405
114

11 451
11 446
11 470
11 4⁶7
141
11 489

11·1 43

1, 41
3 ¹²9
4 ¹77
5 ²5²

6 161,

7 23¹
8 263
9 ²77
10 511

11 157

11 44

² 37
1 161
4 ¹⁶4
5 166
6 514
7 325
8 323
9 4⁰0
ιο 519
11 175
11 518
13 393
14 399

88111

3 284
4 ²94

5 88
6 14
7 81
8 89
9 1ο
ιο 51
11 14
11 58
11 11
14191
13 475

88 1 64
² ¹59.

5 68
4 160
ἑ '4⁹
7 29}
8 519
9 315
ιο 411
11 458

Ι11 457
15 461 ,

14 459
15 468
16 161
¹7 ¹54
18 260
¹9 449
20 185
11 5οο
11 504

27 420
18 409
²9 425
50 416
51 185
3² 411
11 148
14 141
11 116
16 461
11 114
18 411
19 111
40 119
4¹ 313

() 1 81

1 5²
3 ²57
4 156
4 {33
47⁴
9 39}
ιο 189

11 188

 

