TABULA SECUNDA

Qu inveniri potest codex quicunque in ipsa bibliotheca vel in catalogo precedenti
ex numero ipfius in catalogo Librorum MSS. Angliae et Hiberniae.

MSS N. MSS N. MSS N. MSS N. iMSS N. MSS N. MSS N.i MSS N.
1 81 5¹ 100319 150 58 100465 150156 300 3311 350 8
2161 51853 101175 151 55 101474 151 136 301 4131 351 80
3187 53138 101318 151197 101473 151137 301100, 351 9
4175 54180 1ἓ3 393 {My} Ξὲἰῖξὲ ΞΞ3 ⁴343 333 331 353 55
181 {i ¹3} :0223ss u} 16 4111 16 411 {0233ss 3Ξέ 113
7301 57 51 106179 156147 106156 1156 436 306 380 5547 4
8164 16 10 101161 111111 101111 111414 101160 111 1
9190 59133 108184 158168 108 51 158455 308355 358 10

10191 60151 109194 159181 109 81 159464 309357 3
11195 61181 110310 160193 110178 160335 319561 359 {4

10 11 1141 111ἓὲ 1111 8161ῑὲ41 41111
6} {g 113334 163440 113173 163461 313 365ι 361136
64179 114101 161444 114101 164411 114160 161106
65390 115391 165159 111189 1653111 313 33² 36461
⁶⁶427 ¹1⁶3²7 166 64 116188 166 188 316111 365476
67189 117316 167 68 117339 167198 317110 366396
61719 114711 116160 116 46 166101 116111 161101

6 69 416 119777 160100 11041 160111 110110 166 66
70405 110336 170 67 110171 170311 310359 369 19
71404 111394 171198 1111179 ²7¹ 30² 311111 110161
71417 111441 1111ιο 111111 111410 111110 111114
11461 111410 111111 111110 111401 111111 111111 1
74 471 11417 114411 114141 114161 114111 111 10
75 467 125 22 111116 111441 171140 111141 114101
76471 116 17 176461 116441 176178 316341 375133
77469 117 27 111411 111411 111 41 111111 116111
71471 11011 171177 116110 116144 116116 111104
79477 117111 110466 110441 110 11 110114 116110
19471 179177 140161 110411 160416 110160 110101
81 ¹¹7 131150 181153 131158 181310 331347 380106
82 47 171101 161411 11111 161101 111111 161110

6 83 41 133190 183410 133 35 183101 333358 381108
14119 177114 164116 11416 164111 114110 161101

6 47177 177 60 161110 11114 161411 411166 164 401
86151 136186 186304 136166 186306 336385 385478
17161 177113 167100 111414 111410 111166 166410
88163 138180 188183 138 65 188398 338378 387450
89 25¹ 139 73 189160 139134 189 4339 371 388113
001111 14011 100140 140111 290 33371401111 160110
91177 141 us 101411 141 11 101411 141111 100116
9² 44 141 90 191416 141 11 191101 341354 391165
01 11 141 66 101161 141 10 101100 141161 101101
94167 14410 104414 144- 104100 144116 101111
01111 141 60 101446 141 64 101406 141110 104101
06111 14614 100411 14614 106101 146111 101101
01114 14161 101410 141161 101 11 141 1
98164ἶ 148 31 198447 148169 198 308 348 6

004301 14014 100 416 140100 100 11 140 1

444

 

